710
625
429
554
538
539
798
496
916
424
725
973
887
693
409
729
812
99
292
827
624
384
85
583
137
579
890
124
161
15
361
676
900
161
98
287
865
870
122
766
387
496
452
66
444
312
125
336
473
530
258
822
524
316
67
928
300
512
870
523
128
649
696
629
753
876
228
716
117
325
263
167
401
711
811
839
287
695
671
229
421
33
400
949
126
819
553
865
209
172
314
582
402
900
123
977
132
497
943
579
950
946
489
338
631
857
526
352
323
615
966
111
72
53
533
479
708
382
180
251
357
138
177
593
234
221
20
147
726
377
602
100
12
365
211
101
189
347
463
191
130
759
438
215
541
595
454
619
992
579
873
695
433
789
752
255
223
458
376
509
935
607
883
305
764
832
861
733
274
351
363
789
545
283
885
719
593
373
539
492
713
936
989
281
627
466
978
421
436
73
753
817
661
97
228
403
605
306
400
135
945
714
88
582
244
347
782
428
811
500
83
889
240
754
968
866
29
291
763
172
49
88
876
272
166
166
616
867
493
619
266
812
59
539
420
503
106
910
85
37
195
259
229
73
955
47
81
701
915
60
910
186
465
991
868
877
12
582
605
417
729
538
199
115
857
303
396
836
192
324
93
492
546
541
470
483
379
52
167
511
29
187
625
800
838
909
258
156
280
312
918
472
460
950
934
151
723
729
666
179
94
250
766
611
61
529
51
587
875
810
275
736
645
320
784
508
213
265
617
353
286
472
206
707
89
892
856
693
912
150
133
105
472
749
769
729
735
331
927
591
261
32
226
273
677
547
111
110
684
674
786
336
726
351
721
457
723
317
466
467
58
306
882
65
119
770
590
248
732
678
158
425
45
889
202
580
998
316
811
684
604
922
4
139
434
373
369
935
717
204
538
232
328
106
80
630
917
18
973
60
166
894
974
719
926
257
519
258
765
311
996
168
434
310
317
423
798
703
45
473
243
570
234
169
474
245
323
323
291
228
310
893
697
482
216
714
175
983
756
224
502
862
51
251
786
428
567
464
337
596
106
424
186
447
801
537
620
773
739
631
227
560
562
800
70
299
978
824
577
52
387
650
393
726
304
968
395
288
140
906
262
636
802
800
234
14
175
798
650
275
236
311
526
537
15
162
408
951
974
892
523
218
851
417
458
114
166
935
586
770
153
292
224
546
872
259
909
744
77
290
84
182
987
865
665
375
503
66
257
3
491
133
592
50
431
78
82
910
726
651
597
516
694
903
576
795
72
709
119
616
299
842
412
766
766
434
208
946
493
45
657
142
663
664
722
11
808
177
445
289
546
185
544
428
212
9
747
894
545
909
847
421
506
751
580
235
803
100
628
768
573
126
443
973
501
199
294
363
447
774
193
294
836
921
589
808
520
831
714
118
419
252
575
65
125
74
988
944
960
40
7
363
845
922
79
575
17
313
625
705
40
646
973
837
798
778
425
47
622
517
566
694
843
992
177
772
745
672
101
971
846
71
933
743
384
79
935
402
198
512
222
358
98
763
809
922
832
652
641
769
904
982
210
687
332
66
632
61
325
713
147
688
907
856
717
932
853
387
189
825
525
957
854
731
874
689
648
7
469
747
739
253
478
564
551
688
534
399
290
702
854
756
275
525
115
909
376
144
520
612
661
581
76
896
387
728
383
15
75
238
435
655
324
734
792
904
695
465
310
880
481
944
754
194
502
923
21
40
676
50
492
317
198
359
540
849
287
560
631
219
841
985
329
434
898
223
709
943
122
973
151
51
183
69
677
334
890
451
962
818
550
55
715
512
513
982
858
656
619
287
522
316
259
855
321
349
11
777
438
182
748
346
17
229
632
819
118
803
849
475
630
195
403
134
396
622
898
96
603
719
15
440
741
502
409
499
468
583
738
249
651
285
872
920
507
837
719
568
172
566
855
74
716
791
702
353
943
325
321
677
350
827
180
580
803
922
402
501
618
34
933
698
850
23
683
494
78
421
570
639
742
78
697
458
327
779
587
623
359
320
589
604
597
334
207
927
341
971
363
496
878
23
432
192
621
817
530
436
262
434
890
871
802
987
156
92
335
167
688
665
799
208
8
507
470
87
601
256
824
216
276
550
15
461
816
173
612
102
372
106
525
952
877
957
228
135
38
291
573
162
308
106
461
162
822
643
977
255
464
966
694
189
206
94
451
376
650
544
855
988
785
219
775
966
3
229
903
986
294
611
806
223
994
325
185
992
348
455
57
764
309
307
239
69
223
57
18
108
484
311
46
959
289
349
844
560
464
463
853
76
15
410
165
748
326
923
480
7
970
505
2
123
975
317
577
548
954
836
18
335
63
572
106
628
384
733
756
975
654
673
293
329
737
862
446
924
410
250
701
971
378
672
766
164
286
169
314
361
636
226
964
401
161
656
854
498
971
408
23
371
694
824
993
147
559
127
370
443
618
529
850
91
378
54
347
146
551
766
206
58
616
506
133
386
908
728
352
629
525
500
391
383
869
859
34
928
525
997
233
435
441
640
970
451
427
964
618
645
104
614
737
464
941
8
619
185
866
967
862
821
876
709
621
673
752
541
284
134
894
808
675
764
87
503
85
140
689
50
21
528
532
956
95
308
701
664
312
756
155
722
476
614
346
813
506
276
903
510
577
17
30
448
808
305
482
178
727
802
633
490
558
949
83
987
311
149
811
557
122
114
491
848
430
942
758
489
82
575
178
686
262
893
979
8
263
316
492
893
318
734
744
773
958
773
539
552
607
21
22
173
142
744
192
961
780
724
808
326
727
697
806
428
842
125
735
872
632
714
439
591
403
564
571
478
797
725
419
596
712
29
840
730
393
866
824
214
422
43
316
476
806
817
202
591
917
398
267
901
475
871
975
633
246
961
776
234
75
12
655
377
636
730
717
578
794
111
907
140
302
68
984
843
147
737
405
255
330
732
918
176
238
241
707
301
444
301
517
293
685
79
929
113
75
987
302
668
414
29
336
147
348
215
912
145
98
660
785
347
318
584
679
947
121
968
896
447
586
206
929
818
948
376
357
197
419
152
387
519
831
785
591
504
682
593
341
679
64
974
669
406
431
518
566
360
707
276
906
224
432
728
950
878
62
379
96
558
384
534
895
838
620
414
563
374
547
526
193
750
92
601
431
906
921
663
848
544
748
170
866
531
492
696
239
590
926
465
936
496
823
857
679
564
907
189
629
125
567
677
542
238
756
966
217
948
748
201
517
778
235
713
473
11
794
340
417
967
859
217
6
35
205
486
176
417
373
2
95
983
427
617
75
356
731
627
462
157
245
128
616
791
988
643
287
651
462
519
239
834
704
145
428
447
261
349
973
880
819
269
543
903
379
451
210
971
684
425
559
205
823
5
184
830
167
581
980
704
937
588
32
506
752
766
3
679
983
475
550
39
849
196
274
125
827
545
19
669
857
136
793
910
407
465
78
621
620
112
636
922
114
134
103
460
216
483
797
81
283
760
99
94
598
895
487
782
210
983
663
788
718
814
263
800
60
391
941
938
391
40
130
673
95
293
647
809
114
857
971
263
498
21
517
164
647
488
767
41
337
800
934
48
467
846
684
42
698
162
633
477
834
166
556
676
751
411
775
167
777
174
754
598
786
363
990
240
491
379
722
276
127
705
276
801
484
989
718
681
798
739
619
730
416
585
158
516
28
354
270
231
714
223
897
374
316
106
160
140
974
691
127
38
395
634
884
352
857
792
46
422
349
6
553
301
967
519
791
769
499
717
806
612
983
217
587
186
609
105
560
239
353
138
593
662
943
394
600
459
758
996
279
319
632
617
391
839
764
90
371
710
897
372
523
895
641
909
325
528
542
831
500
728
328
875
9
914
314
659
462
170
634
769
501
869
413
725
751
270
157
720
687
629
746
936
570
89
5
528
316
213
796
325
154
263
185
986
602
648
17
475
907
953
546
744
41
136
757
713
658
609
575
947
513
550
614
904
489
54
606
266
76
937
74
566
243
42
344
792
607
306
657
748
269
454
304
166
928
829
11
73
313
291
493
32
342
451
58
314
214
382
334
71
369
353
433
655
301
676
247
803
843
946
223
824
816
790
966
615
607
381
635
781
617
147
4
112
820
238
807
849
927
855
423
970
112
955
366
376
241
613
482
301
744
740
64
314
720
142
368
110
56
663
717
676
553
899
878
317
331
672
15
84
43
980
117
668
16
990
487
442
786
603
174
573
182
651
935
544
396
381
642
585
693
932
427
928
893
955
403
375
410
541
991
264
152
827
76
83
185
300
95
362
242
563
415
914
468
228
564
50
124
304
965
941
146
918
328
674
118
334
619
937
520
435
50
833
448
713
438
577
962
162
70
169
721
297
456
240
220
60
290
190
133
215
57
233
371
367
771
388
286
80
116
402
578
980
855
609
712
775
403
526
882
232
860
786
616
611
815
180
412
427
976
304
380
500
557
627
738
672
581
590
804
110
823
618
482
478
155
144
601
43
372
159
714
488
377
560
639
492
312
590
479
345
127
983
306
48
999
55
893
129
863
255
183
63
307
819
443
679
182
45
145
249
664
944
466
94
960
855
378
547
484
36
930
747
148
934
920
200
495
173
73
992
53
909
511
419
522
323
459
752
492
490
273
723
21
526
972
731
170
544
244
674
434
115
525
142
252
384
349
199
161
434
258
432
305
875
434
147
759
551
192
263
620
502
690
375
408
324
320
914
276
547
4
634
482
431
429
76
242
531
428
667
215
42
125
724
154
538
604
308
791
140
265
376
549
894
211
253
436
791
616
241
911
606
23
298
578
42
839
902
600
847
51
61
900
941
715
709
738
938
353
633
728
536
804
616
556
433
732
950
219
909
920
998
820
399
312
563
204
337
712
594
150
751
330
46
656
782
240
907
997
13
284
673
758
950
438
829
383
120
997
955
966
929
419
804
631
651
450
42
814
606
220
602
372
93
742
507
389
33
914
145
218
503
417
747
477
81
5
914
105
138
246
137
853
235
251
85
41
816
123
730
314
411
406
795
278
384
453
990
603
821
873
501
554
947
390
814
916
752
889
941
315
997
377
652
583
648
509
968
878
505
515
944
48
187
141
497
471
261
583
871
192
645
588
818
495
130
196
985
705
193
539
405
89
747
316
351
446
655
361
953
179
348
848
444
712
896
979
258
797
912
771
672
425
798
756
475
614
804
311
196
70
485
807
280
240
522
356
189
663
962
445
297
302
295
633
186
930
609
119
449
356
358
962
199
258
991
803
723
464
943
375
333
626
412
608
558
916
395
768
556
234
169
526
494
244
266
744
71
585
681
401
96
756
5
144
542
791
773
315
413
704
734
66
305
563
338
597
118
888
412
980
819
236
888
781
760
466
660
675
514
699
232
96
517
983
372
672
951
648
336
217
152
707
858
430
86
195
625
642
333
541
518
689
871
134
691
448
484
433
21
346
406
394
492
1
685
673
990
703
173
756
859
753
438
829
342
9
151
220
660
655
501
91
935
924
580
385
999
943
486
699
628
845
464
499
59
99
303
821
226
265
415
57
778
836
26
447
432
538
87
638
86
961
897
486
881
234
711
50
464
601
514
278
443
163
740
555
336
243
530
348
571
278
335
294
421
378
722
783
562
504
870
215
480
673
83
943
921
254
318
588
930
226
639
476
496
736
262
661
329
886
272
365
605
672
949
869
542
947
803
616
544
459
390
53
467
332
104
467
768
783
953
812
523
843
163
64
294
441
269
33
983
157
632
370
651
468
508
413
969
399
221
496
250
448
415
445
20
751
969
109
647
723
132
379
121
726
992
287
373
562
583
716
107
104
408
653
633
449
742
206
6
583
206
63
121
76
266
313
867
430
576
157
296
283
787
859
882
640
621
136
179
644
535
259
745
148
794
740
947
92
483
396
951
596
354
973
211
507
3
675
908
40
221
62
352
699
212
784
937
537
451
249
896
621
966
391
249
587
615
213
379
82
342
250
644
145
871
284
731
527
94
943
63
423
896
193
822
876
74
352
192
913
324
375
287
224
634
798
314
102
684
948
243
718
568
801
544
265
847
651
256
936
215
155
909
644
723
535
355
394
487
129
221
264
164
77
59
659
581
859
436
483
888
921
441
683
661
483
617
290
640
495
213
119
389
788
624
691
621
778
536
754
785
969
66
265
236
817
575
566
184
413
987
72
548
414
174
94
10
473
732
611
524
914
628
866
644
481
279
260
205
534
219
621
113
200
507
433
790
957
836
254
730
204
112
123
651
761
423
488
50
550
601
603
459
433
133
744
804
494
961
465
534
455
979
624
453
657
807
11
600
270
14
772
985
162
949
306
921
790
701
333
603
844
623
852
114
147
930
933
524
988
84
40
488
800
305
741
914
542
446
484
995
309
471
544
158
216
880
830
505
697
937
330
656
61
571
413
217
15
305
90
520
674
565
882
503
286
792
633
555
445
321
823
459
688
904
555
851
856
625
972
118
851
657
712
53
154
927
592
817
760
133
317
811
716
786
37
770
343
888
287
316
967
66
145
822
120
966
790
383
24
453
291
528
581
229
394
344
565
365
891
921
729
517
932
122
164
333
199
89
400
131
16
872
964
849
14
23
956
832
880
609
72
155
589
133
978
657
306
543
20
992
735
942
446
791
122
65
389
412
418
242
672
968
120
623
537
231
402
656
158
558
498
666
436
348
694
957
381
969
661
641
643
862
696
573
726
802
158
675
371
734
824
992
310
181
240
850
79
865
617
644
524
917
342
563
484
628
586
177
306
467
742
524
814
979
688
59
590
952
541
187
644
601
14
437
818
759
415
377
749
791
70
941
950
568
479
253
827
772
793
409
271
48
820
161
583
792
631
25
523
631
950
286
523
863
856
463
605
846
804
848
421
933
993
739
671
668
349
749
357
92
423
750
887
559
470
465
243
814
848
192
211
641
954
988
448
45
935
939
675
65
80
831
757
588
724
617
469
260
235
7
122
324
110
737
959
372
230
173
77
801
647
315
940
43
582
818
592
289
976
828
962
822
785
689
816
100
730
358
821
189
174
284
286
444
27
221
321
218
251
273
627
854
556
281
679
386
998
58
166
142
361
315
792
955
593
109
754
144
411
442
607
366
61
391
255
762
959
358
252
225
560
826
633
730
715
107
462
345
607
500
791
35
60
100
882
835
195
133
112
459
945
821
332
699
140
683
722
690
460
924
688
655
821
182
753
502
272
138
900
25
887
650
234
110
455
279
607
150
839
250
857
907
369
454
752
864
844
645
835
616
937
425
727
966
13
134
482
216
160
195
344
16
953
334
561
690
357
990
495
840
767
357
810
225
828
74
155
210
143
964
158
60
954
3
115
392
284
236
751
707
165
484
537
948
727
909
499
15
186
489
432
674
907
638
166
980
233
912
720
605
936
388
121
573
875
546
732
528
629
500
896
958
357
340
385
490
59
993
939
546
192
709
181
91
129
896
169
454
676
964
799
155
551
323
454
270
723
900
48
285
846
691
202
412
180
487
451
147
786
430
730
825
544
62
964
327
978
382
654
937
709
133
7
966
739
584
349
685
104
432
170
843
307
775
489
489
675
396
996
773
726
941
582
448
834
928
434
347
729
228
256
964
473
691
20
554
730
294
728
487
57
186
266
887
472
212
560
762
493
987
992
136
203
466
442
70
712
363
838
693
475
695
571
529
624
758
420
543
757
256
674
240
374
941
503
263
798
497
144
548
340
972
271
493
12
791
500
113
715
238
178
947
406
605
406
854
656
69
231
165
150
505
666
963
41
626
753
245
556
604
841
570
450
438
894
271
246
632
385
313
617
898
175
4
491
123
995
467
838
209
851
30
586
644
867
330
543
744
92
441
726
80
995
264
949
551
188
986
369
399
192
661
690
184
448
845
168
26
980
381
365
27
281
31
609
903
31
520
433
566
260
50
991
570
589
274
135
405
808
858
721
434
510
112
149
587
234
364
585
441
785
729
489
741
552
964
274
140
17
130
421
295
385
276
972
906
335
402
307
502
932
262
899
63
422
742
391
441
855
458
893
335
773
551
815
372
100
256
153
32
791
684
513
913
0
87
299
134
296
422
511
26
714
585
700
830
369
948
933
340
985
882
414
765
304
981
680
569
593
577
226
960
735
78
964
959
847
29
608
968
4
41
893
937
41
91
104
661
424
386
77
414
782
110
971
978
385
700
885
212
452
10
568
161
238
481
317
343
819
496
893
618
723
53
817
524
0
522
224
400
857
25
667
888
167
186
496
637
162
396
702
194
657
266
232
855
341
897
168
468
698
784
857
386
984
148
172
100
2
384
449
274
733
303
154
427
836
577
584
206
784
567
834
931
449
437
430
69
829
178
842
952
806
626
522
927
341
903
661
693
72
65
575
810
643
926
752
113
688
712
964
574
319
108
823
488
694
35
320
687
592
195
438
221
57
976
211
581
164
576
794
387
728
558
75
779
205
472
787
981
999
63
82
746
847
72
626
888
379
479
405
142
461
486
404
180
795
86
505
636
510
412
350
788
474
166
353
624
246
577
82
31
813
291
472
722
166
226
376
444
99
819
296
739
635
881
849
326
627
906
378
437
980
622
223
67
465
779
40
782
841
285
602
517
106
597
496
571
256
752
488
885
590
17
807
388
414
423
129
140
644
517
324
704
968
693
749
236
889
658
446
750
10
230
303
575
555
97
202
374
744
306
294
949
121
188
580
85
115
477
184
787
734
406
52
275
58
749
294
193
656
788
770
526
147
583
845
411
677
42
341
453
547
8
584
301
986
355
284
765
702
47
496
82
765
810
725
386
858
809
228
754
465
474
846
959
147
525
238
750
72
952
641
505
328
326
826
488
461
495
811
83
658
975
601
350
273
457
638
138
309
767
95
629
892
349
35
170
665
832
50
141
225
387
489
464
262
336
150
900
279
4
990
700
55
416
870
803
526
524
281
913
210
403
269
732
248
105
722
602
12
761
223
669
221
683
26
48
757
419
785
357
813
678
862
704
164
352
691
390
95
321
552
887
52
61
835
607
522
575
335
590
369
556
351
833
871
674
815
25
36
544
40
110
210
112
726
849
598
584
893
287
946
816
802
962
321
46
595
774
664
199
947
570
696
358
787
213
118
69
296
690
250
705
588
902
463
974
485
872
723
695
632
302
51
329
193
117
553
723
57
23
875
33
387
412
600
788
114
557
948
646
333
419
821
439
462
901
815
223
390
587
983
299
214
898
30
157
351
288
340
638
266
558
87
660
883
822
484
435
378
743
872
683
239
657
664
312
522
76
51
709
431
217
204
396
258
514
252
527
508
878
96
564
484
529
642
435
987
150
293
702
20
37
409
297
984
129
84
230
588
968
218
169
624
493
660
459
579
154
992
738
801
477
868
19
427
259
500
130
494
963
218
498
698
564
107
474
248
184
56
392
202
599
443
91
577
306
422
920
853
952
915
361
655
849
108
809
365
238
736
264
56
466
687
947
655
632
415
618
439
217
490
828
374
126
802
892
419
532
880
397
788
939
484
776
850
297
796
297
958
553
324
41
501
465
15
507
105
601
211
478
931
355
671
879
14
281
689
682
245
485
38
375
514
131
817
882
634
85
107
542
171
752
155
798
607
91
280
276
363
974
509
325
572
734
943
612
571
461
903
547
53
370
949
659
563
214
107
878
658
229
748
991
583
644
607
95
291
641
622
174
46
401
350
390
948
330
351
551
352
695
819
831
63
763
345
278
268
504
841
698
239
739
529
409
886
576
312
513
635
241
482
904
411
631
176
764
671
489
940
635
524
798
474
226
575
549
288
327
274
792
991
325
383
758
819
84
127
600
995
643
494
153
539
423
516
301
303
144
367
25
347
728
596
596
404
693
814
227
40
185
933
984
553
752
611
206
291
333
969
840
19
204
540
993
353
385
919
564
813
113
500
904
813
345
794
692
669
644
788
837
258
410
604
142
286
759
829
734
838
687
994
742
40
154
496
371
517
815
502
437
929
778
346
45
243
594
421
952
923
377
210
394
107
395
377
674
159
125
41
920
483
479
45
169
341
100
626
231
455
363
900
297
568
785
535
441
169
495
877
109
816
808
931
616
314
635
339
207
536
422
719
796
975
14
5
238
20
503
164
653
781
91
109
274
408
520
704
516
419
827
14
174
696
918
692
575
468
371
378
758
597
248
921
847
79
534
852
288
0
313
543
466
863
802
880
586
439
876
106
547
219
896
852
643
622
796
957
814
611
375
718
466
952
609
612
651
185
4
167
985
173
188
169
815
670
659
384
404
969
194
831
12
411
500
367
141
588
450
881
682
429
536
103
834
183
5
539
931
806
495
503
124
752
71
211
145
205
604
307
224
653
250
662
497
650
56
808
677
348
921
878
654
574
910
615
993
268
174
855
279
216
590
708
266
837
854
177
409
829
236
950
941
118
701
676
777
956
830
947
230
628
946
638
88
218
270
787
717
387
632
616
538
194
423
215
934
705
678
530
411
846
910
610
613
869
984
0
886
105
615
562
205
99
926
913
870
27
195
191
151
518
904
383
590
167
829
435
877
95
836
366
654
709
543
978
497
717
306
885
696
827
328
335
844
82
622
978
746
629
560
563
108
880
517
911
41
226
571
960
240
671
400
828
459
518
653
440
359
617
199
872
156
799
116
62
47
244
804
623
709
935
115
42
566
935
986
415
491
781
333
330
441
13
870
749
410
860
13
956
215
961
228
942
782
63
418
52
110
73
535
279
481
431
905
597
189
200
29
913
497
471
640
836
370
867
539
201
751
592
562
208
358
882
603
649
801
497
261
548
978
175
648
16
87
488
432
505
133
356
130
192
449
704
686
683
320
652
797
167
225
686
955
214
498
615
649
989
207
705
662
957
1
3
409
168
419
675
110
552
351
693
510
324
997
708
152
791
261
521
300
777
261
459
877
942
630
566
589
122
211
35
341
259
102
187
163
946
96
488
536
652
498
392
815
919
18
211
746
979
936
683
88
229
900
874
606
466
142
184
414
504
141
97
103
912
456
949
256
786
234
757
549
770
480
306
287
387
686
130
310
716
61
112
522
791
973
463
326
288
60
810
588
939
874
288
449
615
628
752
801
790
378
912
515
176
103
86
853
140
621
178
990
962
288
762
284
216
973
581
644
456
832
944
51
502
211
454
802
598
403
563
4
171
808
517
568
903
46
795
578
961
81
211
280
307
864
109
342
44
582
341
911
985
991
155
478
139
532
372
638
1
170
809
588
305
269
645
837
73
691
322
721
972
166
16
162
53
485
311
317
111
253
580
85
894
33
495
89
437
224
84
936
374
814
297
736
94
734
196
133
783
289
415
256
294
867
301
139
85
691
447
860
591
12
962
488
367
44
896
240
895
204
563
797
934
199
510
131
913
281
421
290
249
163
590
269
862
169
441
384
697
678
829
236
705
266
306
929
188
503
386
846
820
189
99
248
16
486
163
598
802
823
511
292
318
855
458
482
902
788
932
466
977
162
73
292
373
968
626
526
104
384
678
197
310
962
165
206
838
785
201
451
376
364
553
892
616
768
453
876
687
444
913
409
35
143
364
180
565
354
413
709
74
152
646
950
432
185
75
450
603
721
739
991
743
474
373
237
619
634
75
457
21
881
110
324
268
859
203
869
75
838
511
508
429
597
608
5
610
822
805
822
887
491
668
359
381
23
495
7
920
107
549
327
936
467
753
34
158
906
578
757
459
591
467
592
443
696
279
457
593
322
52
131
217
148
614
247
386
708
415
350
943
336
407
168
154
145
543
389
559
935
257
294
424
534
331
207
154
592
965
398
757
100
977
863
612
579
584
917
31
847
94
442
626
28
786
266
197
395
102
655
181
132
728
302
738
142
404
260
184
459
621
68
164
389
132
626
712
650
920
108
104
64
672
901
43
447
349
606
52
529
405
335
832
254
24
697
496
176
651
893
950
773
229
86
637
866
689
168
35
648
258
96
623
52
815
190
52
162
436
810
840
666
688
788
673
858
66
269
100
962
805
774
448
801
14
289
123
51
634
998
383
237
134
814
794
503
783
83
247
392
258
767
421
177
712
77
499
120
526
389
489
47
685
630
396
387
677
719
891
380
652
231
408
407
93
581
373
245
204
37
610
949
994
151
447
976
509
455
990
630
573
771
176
588
202
305
328
384
836
105
648
1
667
244
379
397
289
593
537
838
501
144
200
408
400
449
167
9
581
31
448
922
560
530
785
728
558
917
384
544
915
45
204
755
245
44
785
643
594
628
361
73
80
57
45
290
796
651
119
556
379
967
924
910
220
856
678
955
271
423
268
181
945
989
211
492
201
275
224
274
628
3
141
467
472
203
639
53
933
799
43
847
937
286
351
578
771
724
203
402
496
236
783
113
582
147
754
752
431
645
862
467
19
304
87
615
699
772
893
832
203
329
622
610
806
93
613
514
419
463
188
417
903
979
357
377
659
941
520
500
517
81
724
540
640
784
518
176
176
298
775
865
635
799
148
481
831
647
984
406
626
458
849
507
418
237
55
715
44
500
284
678
674
857
369
786
323
862
431
58
830
973
23
427
913
804
815
681
75
214
644
117
416
290
343
496
279
614
986
572
221
886
684
657
494
163
464
706
913
373
433
0
603
984
896
543
60
124
8
279
164
424
133
994
527
938
690
219
202
908
272
118
891
423
878
631
801
926
550
376
468
776
660
332
580
364
586
630
983
137
223
232
251
984
125
766
76
829
250
933
474
312
758
896
556
126
240
556
390
181
629
771
115
234
789
638
737
10
265
400
574
527
173
655
1
96
610
960
317
604
528
54
67
665
870
954
397
802
934
197
82
144
786
585
145
649
590
728
682
941
495
669
545
772
505
638
514
969
872
411
86
195
370
38
481
415
149
461
400
241
984
418
401
816
728
976
220
590
26
362
224
621
437
245
86
70
703
936
59
132
510
779
459
621
359
899
252
121
324
30
538
282
996
549
93
975
897
174
550
361
976
202
521
361
912
629
269
259
95
376
521
879
595
296
764
860
629
863
518
978
486
609
593
113
192
940
397
572
428
133
988
663
611
743
342
876
345
976
403
637
251
545
361
405
800
661
120
890
403
499
519
269
820
786
149
567
528
562
903
330
119
946
258
63
634
646
242
324
155
535
128
441
486
781
373
372
596
989
752
352
804
551
776
72
162
549
596
359
445
907
399
260
214
297
545
359
72
572
37
326
761
280
902
23
425
429
199
869
444
831
4
303
816
776
373
181
355
371
708
580
640
804
322
316
97
359
227
927
831
386
399
44
294
965
435
833
251
61
204
358
455
562
371
149
112
733
899
543
615
968
361
452
740
559
359
26
761
766
578
491
849
907
72
199
322
426
515
764
437
262
875
743
204
94
952
375
224
575
338
962
518
773
210
70
657
974
264
367
811
672
506
255
240
900
298
61
17
189
440
465
170
4
46
681
39
445
120
42
257
354
517
942
871
702
738
495
689
546
962
744
208
876
644
94
511
658
460
351
664
115
564
596
200
899
382
426
902
905
789
876
305
647
411
659
190
54
192
185
58
766
828
90
306
511
257
688
231
933
427
246
897
971
23
93
718
544
430
256
153
676
965
969
960
438
483
197
367
57
803
299
143
530
939
145
407
924
237
787
188
832
253
662
878
132
426
321
266
618
888
308
223
121
674
161
104
378
941
287
874
518
23
532
88
42
933
601
946
226
819
797
7
770
926
318
399
331
893
603
681
651
552
241
329
208
799
213
597
921
35
29
778
635
551
277
490
5
877
204
161
14
658
32
803
808
359
740
791
421
483
369
470
295
674
222
435
536
426
247
816
436
119
346
313
742
627
96
460
169
387
418
890
732
29
236
920
869
977
880
856
754
787
877
715
883
478
636
794
714
336
68
689
754
408
671
232
961
918
696
776
510
532
352
324
517
952
306
8
927
202
376
613
951
710
451
171
937
164
9
187
65
725
36
541
726
933
630
129
517
634
328
709
492
771
689
545
688
80
523
177
651
313
654
620
246
457
797
616
532
321
676
419
23
700
674
82
998
978
608
955
952
799
298
712
327
650
343
614
517
54
771
192
238
25
238
866
829
946
804
357
987
820
933
190
214
525
398
493
229
419
246
859
97
42
444
269
892
84
60
815
367
56
355
865
395
797
325
894
141
634
911
561
229
842
220
876
627
648
154
916
460
432
323
583
896
736
440
160
918
78
582
586
618
631
614
426
727
479
231
145
597
51
307
6
979
659
646
132
41
848
234
962
900
41
30
616
548
998
925
802
482
625
427
840
605
227
817
150
102
11
221
588
350
584
795
814
693
326
682
188
51
114
665
949
299
802
983
106
688
756
238
118
477
895
0
382
269
270
502
752
331
181
229
578
20
0
260
41
543
695
740
641
15
509
279
431
537
201
199
313
211
136
424
228
100
138
77
918
106
680
249
42
35
402
412
478
201
196
823
366
822
556
515
616
328
522
699
36
327
860
273
214
480
53
828
395
913
216
844
568
534
334
612
890
168
3
639
790
386
516
88
710
129
952
711
916
396
658
229
170
940
774
637
853
95
254
903
857
799
154
283
689
551
704
208
201
895
352
244
518
873
866
519
52
623
522
75
591
64
205
278
444
533
720
770
229
265
3
856
420
874
118
691
284
668
953
855
277
983
772
800
619
243
386
597
428
330
526
832
537
330
585
794
269
929
580
629
830
410
203
376
623
88
989
139
125
635
124
492
593
417
525
492
928
126
370
879
247
845
883
416
397
355
689
972
727
728
881
600
574
122
75
759
668
727
524
801
301
217
865
140
93
690
251
136
440
199
784
181
550
88
46
760
219
22
950
986
116
605
898
966
883
382
259
312
170
63
896
118
122
393
125
610
714
881
119
74
928
361
87
487
818
547
260
704
319
537
30
269
726
987
201
325
627
622
650
510
673
78
909
378
511
811
541
290
856
656
855
138
207
199
219
753
391
725
982
254
172
215
750
418
614
513
119
135
31
933
949
459
217
129
490
757
18
635
156
477
805
839
874
379
899
123
4
672
363
584
590
135
53
236
271
4
702
952
608
344
287
746
695
850
940
498
34
938
453
918
235
900
418
453
790
554
202
166
11
370
720
214
232
308
271
619
961
758
187
108
143
255
788
481
429
92
826
226
197
281
190
292
752
781
678
766
898
69
903
857
584
40
180
405
149
102
23
745
624
718
6
661
753
509
913
199
481
184
1
4
846
706
985
672
648
364
843
839
818
489
705
149
950
84
550
615
169
480
193
716
343
123
161
837
942
971
867
735
200
86
896
69
604
252
379
289
855
195
756
712
20
630
645
943
221
188
427
353
181
711
840
920
763
982
389
158
133
797
851
651
338
220
757
258
0
203
927
79
554
589
221
45
40
658
516
370
279
550
462
268
266
752
346
718
127
424
469
91
642
687
174
542
720
558
472
679
700
844
195
676
671
478
176
955
532
616
544
870
951
784
502
788
91
696
985
201
203
573
281
873
380
950
316
789
77
274
991
678
256
823
219
845
229
514
602
828
205
149
798
81
320
491
451
787
607
768
896
60
930
873
864
950
64
856
502
427
98
614
856
284
230
993
396
390
433
255
900
545
80
221
681
306
475
263
947
298
476
935
348
35
958
469
339
837
411
645
856
567
406
492
634
244
734
603
742
668
936
520
980
492
437
891
106
488
466
848
515
730
638
541
726
824
47
487
836
849
656
442
565
652
691
969
339
381
560
358
734
83
208
72
168
811
672
644
673
382
64
60
663
930
536
261
43
651
32
163
463
310
34
935
135
907
673
477
115
887
424
395
641
888
962
345
49
965
673
885
193
799
614
57
589
901
93
411
481
643
154
931
355
343
805
856
13
17
9
0
710
986
910
692
755
103
972
790
276
396
132
306
570
513
694
975
974
549
665
489
518
812
313
382
780
424
127
904
626
506
399
323
3
416
206
698
986
625
494
284
706
424
115
399
849
559
325
180
988
671
76
152
46
177
696
409
833
551
789
879
508
943
443
973
335
286
885
994
265
106
248
25
256
231
43
780
79
730
605
648
6
577
616
551
107
988
360
796
20
71
872
555
398
188
468
498
897
46
387
571
165
953
49
412
954
844
210
15
399
272
186
818
987
251
703
339
625
673
143
666
877
525
16
842
77
411
230
869
606
725
522
556
522
697
516
433
763
269
685
25
60
155
57
347
633
305
549
457
654
669
94
410
433
205
514
609
863
334
128
935
822
939
905
8
638
62
696
371
905
236
856
975
124
560
66
499
208
70
888
999
796
18
221
12
100
653
160
468
587
393
477
621
149
44
230
480
141
165
720
710
48
768
502
202
363
220
298
380
951
408
861
218
740
941
260
419
757
717
165
344
201
27
997
917
990
811
501
780
467
533
622
49
815
182
447
347
243
27
781
123
792
882
197
387
198
445
733
326
604
132
551
545
657
877
572
587
169
348
606
267
907
371
839
635
966
240
989
33
914
267
634
999
57
663
476
633
217
354
21
718
406
176
831
202
608
671
816
430
697
607
452
563
810
190
109
506
235
714
782
438
925
463
378
65
776
837
451
311
868
352
932
364
688
408
332
483
865
240
243
388
731
126
628
128
435
494
539
796
72
617
366
472
691
388
358
967
236
422
637
898
109
556
877
343
665
230
193
61
264
668
554
567
428
529
178
185
668
860
485
56
637
20
126
967
23
743
180
928
987
468
907
877
204
569
503
580
416
933
692
405
612
495
974
485
423
363
205
963
630
646
154
432
464
540
10
796
656
281
965
55
398
135
330
876
726
32
185
254
429
408
365
384
387
277
906
325
197
598
540
748
168
759
300
593
235
745
928
378
438
432
711
322
626
9
86
631
368
388
537
902
396
139
867
678
576
821
205
304
237
367
61
493
551
226
381
13
94
710
279
397
297
849
90
63
452
579
339
735
292
703
358
385
629
123
55
69
663
240
282
328
897
367
659
161
402
350
494
666
163
356
128
758
49
81
290
165
935
907
141
570
161
75
420
955
170
237
483
453
191
818
881
546
155
605
11
969
745
447
232
518
202
315
631
41
499
571
178
127
65
608
132
441
135
828
232
888
429
923
0
754
302
653
574
907
140
150
836
669
324
268
80
910
32
337
99
322
303
738
441
892
861
26
624
501
168
893
733
550
869
527
51
372
106
688
124
348
371
351
990
30
813
681
780
997
129
348
793
526
746
303
340
772
187
642
627
701
735
853
742
918
126
971
908
947
616
867
65
280
229
355
93
394
391
439
500
357
163
509
399
374
63
104
648
625
865
789
113
50
603
148
791
690
465
510
423
574
950
456
310
733
997
636
365
891
477
999
690
526
404
47
219
622
430
305
588
658
769
33
559
492
475
723
177
372
634
11
848
735
738
372
978
572
83
707
674
212
234
445
389
632
658
785
27
43
784
1
258
703
949
868
206
360
800
258
712
837
377
277
16
162
412
993
474
689
851
715
35
614
112
987
522
46
697
756
45
587
252
769
863
341
815
975
309
881
492
14
863
285
788
17
365
890
281
361
383
580
741
820
824
343
197
85
419
902
717
424
990
270
730
767
804
70
280
101
214
663
814
562
165
102
85
38
835
635
6
940
119
40
174
914
624
61
769
289
219
892
908
259
2
667
648
904
592
856
252
357
703
226
353
424
604
117
72
878
962
225
970
718
77
357
221
496
607
948
480
105
904
956
434
919
273
698
941
360
693
208
481
754
693
816
158
824
713
648
291
726
322
951
62
792
675
451
804
478
383
241
964
40
479
462
487
774
377
990
134
892
994
405
204
703
571
737
752
627
541
463
349
374
601
687
252
642
196
448
187
499
913
129
254
113
85
664
688
466
160
921
354
54
385
710
245
364
970
366
588
581
638
324
757
459
867
23
606
5
418
625
715
130
684
840
227
715
98
854
48
796
432
87
780
827
461
957
962
827
712
601
489
308
274
104
402
718
189
679
248
740
627
690
724
883
313
520
103
169
598
611
475
410
224
14
115
419
862
449
455
139
9
462
502
928
785
349
279
31
133
290
799
355
136
220
897
666
58
957
574
568
711
273
886
388
568
474
670
905
484
228
410
546
618
287
771
501
859
667
86
353
628
561
793
942
519
354
539
854
742
804
934
886
692
392
126
430
55
902
990
399
843
346
632
341
913
58
233
964
17
341
922
871
624
701
98
540
666
45
812
285
615
666
94
986
617
612
638
880
4
65
739
601
374
220
916
519
648
281
348
736
906
635
962
924
951
217
642
797
494
230
802
685
485
675
303
835
198
673
160
246
271
299
712
859
540
968
469
570
676
789
634
588
649
516
958
815
479
666
651
388
601
887
627
276
258
115
732
484
528
458
884
108
17
826
738
74
339
415
825
683
192
408
309
557
110
626
509
519
506
240
295
328
755
846
501
247
903
579
942
585
300
4
76
909
638
728
41
914
130
820
778
349
699
380
811
641
204
189
332
193
109
363
237
649
584
140
968
236
848
14
261
881
179
730
601
919
259
740
891
921
334
633
193
18
404
14
110
970
856
475
169
906
474
65
688
188
956
642
29
497
309
78
823
785
522
697
257
107
90
562
967
193
958
860
547
112
678
408
104
972
415
750
698
504
303
312
27
579
800
788
657
168
262
115
781
465
151
52
90
233
86
974
287
862
712
510
789
584
838
190
785
631
867
451
452
536
598
691
222
744
373
471
147
336
54
962
767
611
428
249
327
468
579
999
862
380
121
673
389
604
643
614
865
702
234
249
645
905
45
812
368
305
2
72
448
252
362
947
452
405
138
797
69
635
742
422
753
545
20
702
779
335
610
203
155
43
206
68
938
15
826
433
806
445
690
861
489
185
820
832
361
41
877
902
317
70
955
646
428
238
716
900
221
389
881
580
55
630
554
443
391
508
0
674
798
138
105
311
856
829
707
713
819
15
395
248
966
479
166
776
899
428
382
919
703
870
204
274
949
355
693
465
965
99
969
621
880
492
271
722
23
662
644
794
846
300
868
881
693
556
331
906
293
394
899
133
596
702
472
463
227
522
232
708
999
121
592
969
429
275
933
98
954
5
151
452
74
885
338
113
395
537
297
16
578
990
965
605
941
191
109
568
599
372
131
669
747
862
164
358
422
153
876
869
500
323
842
662
373
310
267
261
695
379
67
637
423
77
171
630
248
442
731
70
642
606
256
123
372
130
233
405
564
873
757
111
927
752
714
503
607
102
279
431
597
195
75
713
307
203
738
116
413
903
732
280
757
815
609
825
336
788
936
825
553
917
754
990
617
241
92
846
627
931
561
987
840
243
421
910
599
359
205
859
362
307
357
405
12
417
741
257
376
962
587
681
566
121
997
733
499
615
697
670
458
305
754
257
164
583
733
7
835
653
533
322
994
586
97
379
821
759
932
628
995
489
748
460
34
957
537
474
369
26
647
108
923
889
497
15
714
368
482
412
483
607
623
335
190
287
581
113
608
616
714
756
790
712
960
346
250
918
658
782
43
968
296
817
121
541
779
457
937
253
820
518
822
280
637
656
27
632
650
278
912
711
780
416
396
330
919
675
694
916
214
512
700
31
491
143
804
223
136
884
483
956
988
755
278
501
142
847
370
763
485
307
322
761
42
580
170
475
64
984
437
685
770
910
887
513
167
470
829
212
815
260
582
436
744
150
226
530
587
184
528
427
417
881
657
117
409
533
408
776
528
199
139
792
927
757
925
203
712
489
834
995
382
673
426
906
972
410
754
311
834
373
232
4
825
398
163
899
791
440
592
926
134
750
44
687
75
281
401
369
338
13
577
85
137
816
651
59
152
528
350
816
364
57
280
294
794
917
209
501
108
816
114
164
824
752
664
287
579
989
873
25
576
380
533
341
909
206
714
708
606
548
206
157
886
633
91
391
722
343
828
338
136
922
586
562
386
897
995
708
348
863
510
95
523
291
75
586
582
425
552
966
673
989
912
936
192
429
982
171
406
204
163
679
710
88
449
56
78
304
101
296
155
783
202
849
886
339
741
991
540
682
415
993
465
410
803
785
160
265
58
868
351
174
859
136
589
248
677
800
558
50
467
446
712
87
857
910
919
557
816
777
161
807
104
482
553
634
621
530
882
32
615
408
506
861
271
526
693
1
266
652
99
324
681
21
542
106
67
108
222
65
577
488
640
846
683
550
186
309
222
816
437
515
852
776
92
775
752
745
922
756
605
164
277
938
190
732
394
282
223
502
955
601
741
918
425
482
888
151
868
417
145
480
235
118
0
659
991
375
50
758
690
60
594
47
546
125
501
324
902
913
848
737
413
722
994
33
679
514
469
183
581
124
878
187
26
871
709
959
99
354
178
310
140
571
598
29
396
318
652
865
330
766
422
123
4
215
680
535
225
487
909
214
44
968
904
124
935
358
391
31
956
785
837
305
948
624
855
482
521
986
925
28
232
724
810
503
164
81
702
653
607
841
837
665
535
906
699
466
391
996
895
279
263
136
33
284
438
144
18
49
574
121
514
855
122
860
788
266
295
50
317
525
564
178
747
135
83
647
27
168
167
390
333
226
462
588
3
781
17
150
590
753
793
981
446
942
937
249
163
701
590
405
98
643
877
97
728
422
188
174
15
456
780
848
364
244
767
375
424
664
559
139
902
131
775
415
468
48
635
609
9
411
41
717
122
63
348
9
663
114
746
580
931
276
611
443
0
178
845
406
924
977
957
801
60
963
812
501
105
384
162
581
333
534
428
852
885
773
735
289
493
135
10
537
790
562
640
851
977
710
674
488
525
222
984
269
430
64
323
564
844
340
273
585
841
114
989
365
987
920
663
895
509
342
198
405
398
652
951
130
802
803
691
782
635
554
840
142
489
323
0
723
309
257
261
633
424
734
549
900
385
676
653
11
741
844
522
988
844
59
597
511
638
363
933
981
673
714
661
939
217
20
241
259
99
882
515
376
206
187
696
580
244
273
22
339
907
294
875
589
149
585
972
916
163
302
83
582
72
483
282
850
854
38
196
184
66
949
824
492
471
201
252
986
0
222
777
153
881
589
562
976
103
973
937
345
74
884
755
921
893
209
320
916
711
513
843
518
408
398
90
909
549
0
157
652
303
78
317
288
633
957
584
174
993
808
797
548
999
841
913
532
618
681
338
953
782
876
566
11
762
937
824
711
54
586
437
952
669
524
851
99
109
763
138
791
822
704
212
930
31
694
523
884
476
13
2
59
979
653
118
74
131
832
949
440
93
253
533
194
723
550
843
266
135
316
791
161
785
794
1
856
635
734
991
41
327
185
460
52
109
72
157
5
903
962
603
71
615
116
671
972
0
13
232
901
590
578
587
857
371
345
816
536
289
402
466
739
692
996
208
259
854
934
596
705
881
399
828
610
613
31
244
294
570
59
541
374
827
750
516
324
397
494
507
128
88
611
874
699
624
28
597
748
249
512
562
209
81
665
269
705
171
460
524
195
329
518
834
968
851
26
538
921
920
436
408
407
313
56
561
948
89
702
701
65
844
96
499
777
277
229
504
220
792
35
826
807
48
437
228
875
445
160
959
33
379
162
519
911
803
946
48
475
739
593
792
83
325
822
97
440
256
202
308
206
87
699
32
282
879
642
484
155
298
229
374
107
185
959
519
182
418
192
786
325
50
852
607
634
462
310
74
307
976
604
996
898
167
57
343
182
57
509
664
933
388
505
155
515
756
803
929
435
460
344
943
326
919
71
855
401
333
632
402
839
80
69
544
853
339
298
117
9
712
969
972
308
570
599
891
381
782
81
747
165
654
661
721
712
661
187
592
741
590
270
683
711
474
497
564
627
37
635
407
808
459
737
381
398
324
768
135
81
458
884
404
78
766
624
961
994
3
329
154
854
980
587
935
565
593
878
160
938
221
245
730
711
371
161
911
958
547
188
764
429
485
888
249
117
205
253
12
886
695
707
464
867
914
201
130
486
87
659
142
991
312
982
121
21
97
17
27
849
867
215
784
713
250
135
279
15
523
554
624
920
456
49
305
495
769
455
418
154
374
653
927
199
408
76
454
531
623
849
295
551
661
763
736
97
27
417
323
157
417
327
579
22
603
274
213
402
145
336
109
100
533
398
195
571
518
882
651
225
361
879
517
720
635
854
42
897
221
402
33
708
707
500
231
590
625
781
233
745
194
515
770
941
420
105
990
532
802
900
674
709
337
681
186
267
303
709
562
802
547
191
747
124
59
54
644
375
374
5
847
768
818
155
232
360
133
489
870
404
993
899
667
889
468
221
787
508
162
627
559
122
742
371
786
658
683
803
990
34
873
741
87
826
530
928
140
392
556
51
792
558
458
320
749
421
420
172
944
488
640
754
613
236
779
48
550
204
60
294
662
529
794
645
30
6
415
101
292
244
423
667
676
821
985
774
502
674
952
584
592
65
338
751
555
584
220
613
16
213
992
32
907
189
911
324
33
609
96
549
851
995
354
948
729
488
467
54
238
264
541
652
715
27
391
63
794
342
22
214
707
768
308
847
488
686
83
447
598
360
286
399
827
864
855
466
213
917
244
925
220
664
555
21
680
211
872
552
482
669
746
383
791
573
774
623
726
622
406
416
726
555
481
565
639
600
454
514
676
660
156
811
609
200
87
774
825
31
610
337
440
569
340
964
930
863
778
59
538
510
42
477
373
770
941
421
754
797
25
343
904
278
